//A330-300 Aero
//VS1G CAS from Alt vs. GW

//Clean
[100]
FORMAT.
ROW.
0 2000 4000 6000 8000 10000 12000 14000 16000 18000 20000
ROWEND.
COLUMN.
120000 160000 200000 240000 260000 COLLINE
120000 160000 200000 240000 260000 COLLINE
120000 160000 200000 240000 260000 COLLINE
120000 160000 200000 240000 260000 COLLINE
120000 160000 200000 240000 260000 COLLINE
120000 160000 200000 240000 260000 COLLINE
120000 160000 200000 240000 260000 COLLINE
120000 160000 200000 240000 260000 COLLINE
120000 160000 200000 240000 260000 COLLINE
120000 160000 200000 240000 260000 COLLINE
120000 160000 200000 240000 260000 COLLINE

COLUMNEND.
GROUP.
0
GROUPEND.
FORMATEND.
121.00 139.70 156.20 171.10 178.10
121.00 139.80 156.30 171.20 178.20
121.10 139.80 156.30 171.30 179.40
121.10 139.90 156.40 172.40 181.10
121.20 140.00 156.50 174.00 184.40
121.20 140.00 157.10 177.10 189.20
121.30 140.10 158.40 181.80 193.50
121.30 140.20 161.00 186.00 197.50
121.40 140.90 165.00 189.90 201.60
121.50 142.30 169.20 193.90 205.10
121.60 145.00 172.90 197.30 208.60

//CONF 1
[101]
FORMAT.
ROW.
0 2000 4000 6000 8000 10000 12000 14000 16000 18000 20000
ROWEND.
COLUMN.
120000 160000 200000 240000 260000 COLLINE
120000 160000 200000 240000 260000 COLLINE
120000 160000 200000 240000 260000 COLLINE
120000 160000 200000 240000 260000 COLLINE
120000 160000 200000 240000 260000 COLLINE
120000 160000 200000 240000 260000 COLLINE
120000 160000 200000 240000 260000 COLLINE
120000 160000 200000 240000 260000 COLLINE
120000 160000 200000 240000 260000 COLLINE
120000 160000 200000 240000 260000 COLLINE
120000 160000 200000 240000 260000 COLLINE
COLUMNEND.
GROUP.
0
GROUPEND.
FORMATEND.
107.40 121.70 136.00 149.00 153.70
107.40 121.70 136.10 149.10 153.80
107.40 121.70 136.10 149.20 153.90
107.40 121.80 136.20 149.20 154.00
107.50 121.80 136.30 149.40 154.30
107.50 121.90 136.30 149.70 154.60
107.60 122.00 136.40 150.10 155.30
107.60 122.00 136.70 150.70 155.90
107.60 122.10 137.00 151.40 156.70
107.70 122.20 137.60 152.10 157.40
107.70 122.20 138.20 152.80 157.70

//CONF 1+F
[102]
FORMAT.
ROW.
0 2000 4000 6000 8000 10000 12000 14000 16000 18000 20000
ROWEND.
COLUMN.
120000 160000 200000 240000 260000 COLLINE
120000 160000 200000 240000 260000 COLLINE
120000 160000 200000 240000 260000 COLLINE
120000 160000 200000 240000 260000 COLLINE
120000 160000 200000 240000 260000 COLLINE
120000 160000 200000 240000 260000 COLLINE
120000 160000 200000 240000 260000 COLLINE
120000 160000 200000 240000 260000 COLLINE
120000 160000 200000 240000 260000 COLLINE
120000 160000 200000 240000 COLLINE
120000 160000 200000 240000 COLLINE
COLUMNEND.
GROUP.
0
GROUPEND.
FORMATEND.
100 115 127.4 139.6 144
100 115 127.5 139.7 144.1
100.1 115.1 127.5 139.7 144.2
100.1 115.1 127.6 139.8 144.2
100.1 115.1 127.6 139.9 144.4
100.2 115.2 127.7 140.1 144.9
100.2 115.2 127.8 140.6 145.4
100.2 115.3 127.9 141.1 145.4
100.3 115.3 128.3 141.8 142.4
100.6 115.4 128.8 139.2
100.8 115.6 129.4 136.1

//CONF 2
[103]
FORMAT.
ROW.
0 2000 4000 6000 8000 10000 12000 14000 16000 18000 20000
ROWEND.
COLUMN.
120000 160000 200000 240000 260000 COLLINE
120000 160000 200000 240000 260000 COLLINE
120000 160000 200000 240000 260000 COLLINE
120000 160000 200000 240000 260000 COLLINE
120000 160000 200000 240000 260000 COLLINE
120000 160000 200000 240000 260000 COLLINE
120000 160000 200000 240000 COLLINE
120000 160000 200000 240000 COLLINE
120000 160000 200000 240000 COLLINE
120000 160000 200000 240000 COLLINE
120000 160000 200000 COLLINE
COLUMNEND.
GROUP.
0
GROUPEND.
FORMATEND.
96.20 109.60 120.30 131.80 136.00
96.20 109.60 120.30 131.80 136.00
96.20 109.70 120.40 131.90 136.10
96.20 109.70 120.40 131.90 136.10
96.30 109.70 120.50 132.10 136.60
96.30 109.80 120.50 132.50 135.50
96.30 109.80 120.60 132.80
96.30 109.90 120.90 130.10
96.40 109.90 121.40 127.20
96.40 110.00 121.90 124.10
96.50 110.30 121.00

//CONF 3
[104]
FORMAT.
ROW.
0 2000 4000 6000 8000 10000 12000 14000 16000 18000 20000
ROWEND.
COLUMN.
120000 160000 200000 240000 260000 COLLINE
120000 160000 200000 240000 260000 COLLINE
120000 160000 200000 240000 260000 COLLINE
120000 160000 200000 240000 260000 COLLINE
120000 160000 200000 240000 260000 COLLINE
120000 160000 200000 240000 260000 COLLINE
120000 160000 200000 240000 260000 COLLINE
120000 160000 200000 240000 260000 COLLINE
120000 160000 200000 240000 260000 COLLINE
120000 160000 200000 240000 260000 COLLINE
120000 160000 200000 240000 COLLINE
COLUMNEND.
GROUP.
0
GROUPEND.
FORMATEND.
93.0 103.9 116.2 127.3 131.3
93.0 104.0 116.2 127.3 131.4
93.1 104.0 116.3 127.4 131.4
93.1 104.0 116.3 127.5 131.5
93.1 104.1 116.4 127.5 131.6
93.1 104.1 116.4 127.7 132.0
93.1 104.1 116.5 128.1 132.6
93.2 104.2 116.5 128.7 133.2
93.2 104.2 116.9 129.2 133.8
93.2 104.3 117.4 129.9 131.8
93.3 104.4 118.0 126.0

//CONF FULL
[105]
FORMAT.
ROW.
0 2000 4000 6000 8000 10000 12000 14000 16000 18000 20000
ROWEND.
COLUMN.
120000 160000 200000 240000 260000 COLLINE
120000 160000 200000 240000 260000 COLLINE
120000 160000 200000 240000 260000 COLLINE
120000 160000 200000 240000 260000 COLLINE
120000 160000 200000 240000 260000 COLLINE
120000 160000 200000 240000 260000 COLLINE
120000 160000 200000 240000 260000 COLLINE
120000 160000 200000 240000 260000 COLLINE
120000 160000 200000 240000 260000 COLLINE
120000 160000 200000 240000 COLLINE
120000 160000 200000 240000 COLLINE
COLUMNEND.
GROUP.
0
GROUPEND.
FORMATEND.
90 101.1 113.0 123.8 127.7
90 101.1 113.0 123.8 127.8
90 101.1 113.1 123.9 127.8
90 101.1 113.1 123.9 128.1
90 101.2 113.1 124.3 128.7
90 101.2 113.2 124.8 129.2
90 101.2 113.4 125.4 129.8
90 101.3 113.9 126.0 130.5
90 101.3 114.4 126.6 128.5
90 101.6 115.0 123.0
90 102.1 115.6 117.7

//END OF FILE SPACE NEEDED